12 
*  
8   
*
1   
*
00-1-0 
#
01-1-2 
#
02-1-3 
#
03-1-5 
#
04-1-1 
*
000000000000
000000000000
001110000000
001110011100
001110011100
000000011100
000000000000
000000000000
*
00 00 00 00 00 00 00 00 00 02 00 04
00 00 00 00 00 00 00 00 00 02 00 04
00 00 03 03 03 00 02 02 02 02 00 04
00 00 03 03 03 00 02 03 03 03 00 04
00 00 03 03 03 00 02 03 03 03 00 04
00 00 00 00 00 00 02 03 03 03 00 04
00 00 00 02 02 02 02 00 00 00 00 04
00 00 00 02 00 00 00 00 00 00 00 04
*
1,1:1
#
1,2:1
#
1,3:1
#
5,6:2
#
6,6:2
#
4,4:3
#
1,5:3
#
6,2:3
#
3,6:4
#
4,8:4
#
7,2:5
#
7,7:5
#
7,5:6
#
8,7:7




