11  //ancho
*  
8   //alto
*
1   //hojas de sprite: 1,2,..
*
01:1-0 //sprite 1 hoja 1 pos 0 -hierba
#
02:1-2 //arena
#
03:1-3 //agua
#
04:1-5 //hierba con hongos
#
05:1-1 //tierra expuesta
*
00000000000 //mapa colisiones
00000000000
00111000000
00111001110
00111001110
00000001110
00000000000
00000000000
*
01 01 01 01 01 01 01 01 01 03 01 //disposicion de los sprites
01 01 01 01 01 01 01 01 01 03 01 
01 01 04 04 04 01 03 03 03 03 01
01 01 04 04 04 01 03 04 04 04 01
01 01 04 04 04 01 03 04 04 04 01
01 01 01 01 01 01 03 04 04 04 01
01 01 01 03 03 03 03 01 01 01 01
01 01 01 03 01 01 01 01 01 01 01



